# Created by Octave 4.0.0, Thu Mar 17 16:43:14 2016 PDT <jimmy@zuse.home>
# name: lda_discriminant_2mi
# type: matrix
# rows: 224
# columns: 1
 -0.06443462812977448
 0.0006376342581416038
 0.01734415969591814
 0.04539910687918128
 0.05062615375616797
 0.06025360121315954
 0.03979926955370849
 0.02070166899751731
 -0.06585847047622714
 0.002890179566233486
 0.03569299088757132
 0.068645127754517
 0.08322666568111772
 0.06287601885560068
 0.03454188277111139
 0.01655916231281493
 -0.05405690157899898
 0.02917202780143876
 0.04960714462002529
 0.06150636774558472
 0.07497798659859946
 0.07229124987149203
 0.02961380623226791
 0.01630462795949741
 -0.05754984114375055
 0.006270368876703142
 0.03180111262866106
 0.06469838910367516
 0.06334568706991808
 0.09984076984240962
 0.04332896724351745
 0.02462431060826799
 -0.06643165307409457
 0.004808760552465599
 0.04934325757081658
 0.06718265825880379
 0.05883559271617876
 0.07710686912048632
 0.05424381927609029
 0.02828960775291653
 -0.1310932453515433
 -0.03447738455356385
 0.03152396961576088
 0.09754984608571031
 0.1621009877503518
 0.1025956724734898
 0.06021105129064901
 0.02947885120967196
 -0.1027332736103333
 -0.08495704073109661
 -0.01752848905234475
 0.05264938936973098
 0.07960325239065434
 0.06088378996770429
 0.02380305593884163
 0.01416458539527156
 0
 0.003419671752495595
 0.08751250893900915
 -0.4663694835911504
 0.1810727037574552
 -0.1034649523256847
 -0.1461855451069319
 -0.1032408300755209
 -0.3030638904716965
 -0.2273214145412861
 0.1693677384988914
 -0.3499235151309689
 0.01346179450984677
 0.005733191754193736
 0.006730897254923379
 0.00236774312673212
 0.05619323191610868
 -0.06918509267560742
 -0.02320026776697078
 0.03687172502697159
 0.06551599454792886
 0.04524016065809384
 0.04387012303209019
 -0.04650536690901878
 0.243996832928487
 0.03213623877350762
 0.03302911289916075
 0.123628725090433
 0.002606324876905634
 -0.008108164630930477
 0.03127228364787493
 0.01793700976312134
 0.01096753075802259
 -0.01957454813931863
 -0.03191211652334329
 0.02343161976713966
 0.06131550979485134
 0.03788389002771241
 0.04360985203190042
 -0.01559818563641001
 -0.02194229126605026
 0.04686323953428084
 0.07079371205178925
 0.01682724313730926
 -0.1045891784515068
 0.09185035894218668
 0.03253026014879611
 -0.01907569538895315
 -0.02518121926841998
 -0.003864301377826707
 0.06618474642341519
 -0.0004988527503649294
 -0.06570035317305989
 -0.01010357563239077
 0.02417628401768454
 -0.01321598300966798
 -0.1050880312018731
 0.01919498626404153
 0.07615457168070763
 -0.0811503289343611
 0.02891177027114823
 -1.445950001053268e-05
 -0.003618489877646746
 -0.01545720551130709
 0.003365448627461371
 0.006232044504558712
 0.01196523625875253
 0.01046867800765782
 -0.04637161653392012
 0.002367743126731871
 0.02056502389004463
 -0.01845032201349624
 0.002367743126731952
 0.01769842801294791
 0.01046867800765785
 -0.01982035963949852
 0.01146638350838822
 -0.004862006878556553
 0.04312545878154639
 0.03165907527315723
 -0.004862006878556552
 -0.03216515777352918
 -0.007855123380746024
 0.03203140739843158
 -0.00922516100674821
 -0.003864301377826714
 -0.000126520625092717
 0.006232044504559141
 0.0008711848756371957
 0.0104686780076578
 0.0129629417594809
 0.01096753075802271
 -0.003864301377826715
 -0.04799469541010781
 -0.01209175688384512
 0.01296294175948154
 0.002866595877096941
 0.006730897254923603
 -0.007728602755653433
 -0.06669082892378422
 0.002866595877096984
 -0.008227455506018689
 0.003365448627461404
 0.01296294175948231
 -0.005360859628921462
 0.002866595877096911
 0.006730897254923473
 0.006232044504559255
 -0.0004988527503648058
 0.008100934880925836
 0.002866595877096993
 -0.003864301377826721
 0.004735486253464112
 -0.0154572055113069
 -0.009225161006748079
 0.003365448627461421
 0.01769842801294617
 -0.02468236651805511
 -0.01122057200820801
 0.01969383901440583
 0.00623204450455948
 -0.003864301377826728
 0.01009634588238548
 -0.01209175688384506
 0.003365448627461457
 -0.003864301377826734
 -0.01209175688384516
 -0.006857417880016202
 0.002866595877096997
 0.005234339003828898
 -0.003864301377826737
 0.008100934880925824
 0.00286659587709701
 0.006730897254923313
 0.01969383901440603
 -0.01545720551130695
 0.003365448627461472
 -0.003864301377826737
 0.006730897254923002
 -0.0004988527503650247
 -0.004363154128191713
 -0.007728602755653473
 -0.01695376376240187
 -0.007728602755653473
 0.003365448627461496
 0.01009634588238548
 0.002866595877096932
 0.001868890376367075
 -0.0004988527503647798
 -0.01545720551130715
 0.005733191754193828
 -0.007728602755653538
 0.00336544862746153
 0.003365448627461534
 0.006730897254923407
 0.006730897254923413
 -0.0004988527503651383
 -0.007728602755653478
 0.00336544862746163
 0.002866595877096971
 0.002866595877096982
 -0.0009977055007301134
 0.003365448627461686
 0.003365448627461789
 0.003365448627461797
 -0.0004988527503649218
 -0.003864301377826737
 -0.003864301377826737


