# Created by Octave 4.0.0, Sun Mar 06 13:15:08 2016 PST <jimmy@zuse.home>
# name: p_errors
# type: cell
# rows: 1
# columns: 2
# name: <cell-element>
# type: matrix
# rows: 1
# columns: 46
 0.1498333333333333 0.1773333333333333 0.2003333333333333 0.2275 0.253 0.2815 0.3108333333333334 0.3395 0.3681666666666666 0.3963333333333333 0.4208333333333333 0.4445 0.4736666666666667 0.4648333333333333 0.4235 0.4021666666666667 0.4105 0.4123333333333333 0.4031666666666667 0.3918333333333333 0.384 0.3765 0.3658333333333333 0.359 0.3493333333333333 0.3406666666666667 0.3326666666666667 0.3275 0.3236666666666667 0.3208333333333334 0.3186666666666667 0.3165 0.3133333333333334 0.3116666666666666 0.3091666666666666 0.3058333333333333 0.3031666666666666 0.299 0.2941666666666667 0.2898333333333333 0.2856666666666667 0.2808333333333333 0.2783333333333333 0.2736666666666667 0.273 0.2676666666666667



# name: <cell-element>
# type: matrix
# rows: 1
# columns: 46
 0.1266624445851805 0.1564281190626979 0.1842938568714376 0.2070930968967701 0.2387587080430652 0.272957568081064 0.3008233058898037 0.3324889170360988 0.3584547181760608 0.3920202659911337 0.4198860037998733 0.4433185560481318 0.4306523115896137 0.415452818239392 0.421785940468651 0.4274857504749842 0.4445851804939835 0.4357188093730209 0.4167194426852438 0.4122862571247625 0.3977200759974667 0.3869537682077264 0.3793540215326156 0.3711209626345788 0.3654211526282457 0.3597213426219126 0.3521215959468018 0.3432552248258391 0.3381887270424319 0.331222292590247 0.3261557948068398 0.3223559214692844 0.317922735908803 0.3147561747941735 0.311589613679544 0.3090563647878404 0.3033565547815073 0.3014566181127296 0.2995566814439519 0.2970234325522483 0.2932235592146928 0.2894236858771374 0.2849905003166561 0.279290690310323 0.2773907536415453 0.2723242558581381





